                  GP/PARI CALCULATOR Version 2.11.2 (released)
          amd64 running linux (x86-64/GMP-6.1.2 kernel) 64-bit version
        compiled: Jul 12 2019, gcc version 9.1.0 (Ubuntu 9.1.0-8ubuntu1)
                           threading engine: pthread
                (readline v8.0 disabled, extended help enabled)

                     Copyright (C) 2000-2018 The PARI Group

PARI/GP is free software, covered by the GNU General Public License, and comes 
WITHOUT ANY WARRANTY WHATSOEVER.

Type ? for help, \q to quit.
Type ?17 for how to get moral (and possibly technical) support.

parisize = 8000000, primelimit = 500000, nbthreads = 4
1, matrix(0,2)
2, Mat([3, 1])
3, [3, 1; 11, 1]
4, [3, 1; 5, 2; 11, 1]
5, [3, 1; 5, 2; 11, 1; 137, 1]
6, [3, 1; 5, 2; 7, 2; 11, 1; 137, 1]
7, [3, 1; 5, 2; 7, 2; 11, 2; 137, 1]
8, [3, 1; 5, 2; 7, 2; 11, 2; 137, 1; 761, 1]
9, [3, 1; 5, 2; 7, 2; 11, 2; 137, 1; 761, 1; 7129, 1]
10, [3, 1; 5, 2; 7, 2; 11, 2; 61, 1; 137, 1; 761, 1; 7129, 1]
11, [3, 1; 5, 2; 7, 2; 11, 2; 61, 1; 97, 1; 137, 1; 761, 1; 863, 1; 7129, 1]
12, [3, 1; 5, 2; 7, 2; 11, 2; 13, 2; 61, 1; 97, 1; 137, 1; 509, 1; 761, 1; 863, 1; 7129, 1]
13, [3, 1; 5, 2; 7, 2; 11, 2; 13, 2; 29, 1; 43, 1; 61, 1; 97, 1; 137, 1; 509, 1; 761, 1; 863, 1; 919, 1; 7129, 1]
14, [3, 1; 5, 2; 7, 2; 11, 2; 13, 2; 29, 1; 43, 1; 61, 1; 97, 1; 137, 1; 509, 1; 761, 1; 863, 1; 919, 1; 1049, 1; 1117, 1; 7129, 1]
15, [3, 1; 5, 2; 7, 2; 11, 2; 13, 2; 29, 1; 43, 1; 61, 1; 97, 1; 137, 1; 509, 1; 761, 1; 863, 1; 919, 1; 1049, 1; 1117, 1; 7129, 1; 41233, 1]
16, [3, 1; 5, 2; 7, 2; 11, 2; 13, 2; 17, 2; 29, 1; 43, 1; 61, 1; 97, 1; 137, 1; 509, 1; 761, 1; 863, 1; 919, 1; 1049, 1; 1117, 1; 7129, 1; 8431, 1; 41233, 1]
17, [3, 1; 5, 2; 7, 2; 11, 2; 13, 2; 17, 2; 29, 1; 37, 1; 43, 1; 61, 1; 97, 1; 137, 1; 509, 1; 761, 1; 863, 1; 919, 1; 1049, 1; 1117, 1; 7129, 1; 8431, 1; 41233, 1; 1138979, 1]
18, [3, 1; 5, 2; 7, 2; 11, 2; 13, 2; 17, 2; 19, 2; 29, 1; 37, 1; 43, 1; 61, 1; 97, 1; 137, 1; 509, 1; 761, 1; 863, 1; 919, 1; 1049, 1; 1117, 1; 7129, 1; 8431, 1; 39541, 1; 41233, 1; 1138979, 1]
19, [3, 1; 5, 2; 7, 2; 11, 2; 13, 2; 17, 2; 19, 2; 29, 1; 37, 1; 43, 1; 61, 1; 97, 1; 137, 1; 509, 1; 761, 1; 863, 1; 919, 1; 1049, 1; 1117, 1; 7129, 1; 8431, 1; 39541, 1; 41233, 1; 1138979, 1; 7440427, 1]
20, [3, 1; 5, 2; 7, 2; 11, 2; 13, 2; 17, 2; 19, 2; 29, 1; 37, 1; 43, 1; 61, 1; 97, 1; 137, 1; 509, 1; 761, 1; 863, 1; 919, 1; 1049, 1; 1117, 1; 7129, 1; 8431, 1; 39541, 1; 41233, 1; 1138979, 1; 7440427, 1; 11167027, 1]
21, [3, 1; 5, 2; 7, 2; 11, 2; 13, 2; 17, 2; 19, 2; 29, 1; 37, 1; 43, 1; 61, 1; 97, 1; 137, 1; 509, 1; 761, 1; 863, 1; 919, 1; 1049, 1; 1117, 1; 7129, 1; 8431, 1; 39541, 1; 41233, 1; 1138979, 1; 7440427, 1; 11167027, 1; 18858053, 1]
22, [3, 1; 5, 2; 7, 2; 11, 2; 13, 2; 17, 2; 19, 2; 23, 2; 29, 1; 37, 1; 43, 1; 53, 1; 61, 1; 97, 1; 137, 1; 227, 1; 509, 1; 761, 1; 863, 1; 919, 1; 1049, 1; 1117, 1; 7129, 1; 8431, 1; 39541, 1; 41233, 1; 1138979, 1; 7440427, 1; 11167027, 1; 18858053, 1]
23, [3, 1; 5, 2; 7, 2; 11, 2; 13, 2; 17, 2; 19, 2; 23, 2; 29, 1; 37, 1; 43, 1; 53, 1; 61, 1; 97, 1; 137, 1; 227, 1; 509, 1; 761, 1; 863, 1; 919, 1; 1049, 1; 1117, 1; 7129, 1; 8431, 1; 39541, 1; 41233, 1; 583859, 1; 1138979, 1; 7440427, 1; 11167027, 1; 18858053, 1]
24, [3, 1; 5, 2; 7, 2; 11, 2; 13, 2; 17, 2; 19, 2; 23, 2; 29, 1; 37, 1; 43, 1; 53, 1; 61, 1; 97, 1; 137, 1; 227, 1; 509, 1; 577, 1; 761, 1; 863, 1; 919, 1; 1049, 1; 1117, 1; 7129, 1; 8431, 1; 39541, 1; 41233, 1; 467183, 1; 583859, 1; 1138979, 1; 7440427, 1; 11167027, 1; 18858053, 1]
25, [3, 1; 5, 2; 7, 2; 11, 2; 13, 2; 17, 2; 19, 2; 23, 2; 29, 1; 37, 1; 43, 1; 53, 1; 61, 1; 97, 1; 109, 1; 137, 1; 227, 1; 509, 1; 577, 1; 761, 1; 863, 1; 919, 1; 1049, 1; 1117, 1; 7129, 1; 8431, 1; 39541, 1; 41233, 1; 467183, 1; 583859, 1; 1138979, 1; 7440427, 1; 11167027, 1; 18858053, 1; 312408463, 1]
26, [3, 1; 5, 2; 7, 2; 11, 2; 13, 2; 17, 2; 19, 2; 23, 2; 29, 1; 37, 1; 43, 1; 53, 1; 61, 1; 97, 1; 109, 1; 137, 1; 227, 1; 509, 1; 577, 1; 761, 1; 863, 1; 919, 1; 1049, 1; 1117, 1; 7129, 1; 8431, 1; 39541, 1; 41233, 1; 467183, 1; 583859, 1; 1138979, 1; 7440427, 1; 11167027, 1; 18858053, 1; 312408463, 1; 34395742267, 1]
27, [3, 1; 5, 2; 7, 2; 11, 2; 13, 2; 17, 2; 19, 2; 23, 2; 29, 1; 37, 1; 43, 1; 53, 1; 61, 1; 97, 1; 109, 1; 137, 1; 227, 1; 509, 1; 521, 1; 577, 1; 761, 1; 863, 1; 919, 1; 1049, 1; 1117, 1; 2789, 1; 7129, 1; 8431, 1; 39541, 1; 41233, 1; 215087, 1; 467183, 1; 583859, 1; 1138979, 1; 7440427, 1; 11167027, 1; 18858053, 1; 312408463, 1; 34395742267, 1]
28, [3, 1; 5, 2; 7, 2; 11, 2; 13, 2; 17, 2; 19, 2; 23, 2; 29, 2; 37, 1; 43, 1; 53, 1; 61, 1; 97, 1; 109, 1; 137, 1; 227, 1; 509, 1; 521, 1; 577, 1; 761, 1; 863, 1; 919, 1; 1049, 1; 1117, 1; 2789, 1; 7129, 1; 8431, 1; 39541, 1; 41233, 1; 215087, 1; 467183, 1; 583859, 1; 1138979, 1; 7440427, 1; 11167027, 1; 18858053, 1; 312408463, 1; 375035183, 1; 34395742267, 1]
29, [3, 1; 5, 2; 7, 2; 11, 2; 13, 2; 17, 2; 19, 2; 23, 2; 29, 2; 37, 1; 43, 2; 53, 1; 61, 1; 97, 1; 109, 1; 137, 1; 227, 1; 509, 1; 521, 1; 577, 1; 761, 1; 863, 1; 919, 1; 1049, 1; 1117, 1; 2789, 1; 7129, 1; 8431, 1; 39541, 1; 41233, 1; 215087, 1; 467183, 1; 583859, 1; 1138979, 1; 7440427, 1; 11167027, 1; 18858053, 1; 312408463, 1; 375035183, 1; 4990290163, 1; 34395742267, 1]
30, [3, 1; 5, 2; 7, 2; 11, 2; 13, 2; 17, 2; 19, 2; 23, 2; 29, 2; 31, 2; 37, 1; 43, 2; 53, 1; 61, 1; 97, 1; 109, 1; 137, 1; 227, 1; 509, 1; 521, 1; 577, 1; 761, 1; 863, 1; 919, 1; 1049, 1; 1117, 1; 2789, 1; 7129, 1; 8431, 1; 10273, 1; 17783, 1; 39541, 1; 41233, 1; 215087, 1; 467183, 1; 583859, 1; 1138979, 1; 7440427, 1; 11167027, 1; 18858053, 1; 312408463, 1; 375035183, 1; 4990290163, 1; 34395742267, 1]
31, [3, 1; 5, 2; 7, 2; 11, 2; 13, 2; 17, 2; 19, 2; 23, 2; 29, 2; 31, 2; 37, 1; 43, 2; 53, 1; 61, 1; 97, 1; 109, 1; 137, 1; 227, 1; 509, 1; 521, 1; 577, 1; 761, 1; 863, 1; 919, 1; 1049, 1; 1117, 1; 2789, 1; 7129, 1; 8431, 1; 10273, 1; 17783, 1; 39541, 1; 41233, 1; 215087, 1; 467183, 1; 583859, 1; 1138979, 1; 7440427, 1; 11167027, 1; 18858053, 1; 312408463, 1; 375035183, 1; 4990290163, 1; 34395742267, 1; 2667653736673, 1]
32, [3, 1; 5, 2; 7, 2; 11, 2; 13, 2; 17, 2; 19, 2; 23, 2; 29, 2; 31, 2; 37, 1; 43, 2; 53, 1; 61, 1; 97, 1; 109, 1; 137, 1; 227, 1; 509, 1; 521, 1; 577, 1; 761, 1; 863, 1; 919, 1; 1049, 1; 1117, 1; 2789, 1; 2917, 1; 7129, 1; 8431, 1; 10273, 1; 17783, 1; 39541, 1; 41233, 1; 215087, 1; 374893, 1; 467183, 1; 535919, 1; 583859, 1; 1138979, 1; 7440427, 1; 11167027, 1; 18858053, 1; 312408463, 1; 375035183, 1; 4990290163, 1; 34395742267, 1; 2667653736673, 1]
33, [3, 1; 5, 2; 7, 2; 11, 2; 13, 2; 17, 2; 19, 2; 23, 2; 29, 2; 31, 2; 37, 1; 43, 2; 53, 1; 61, 1; 97, 1; 109, 1; 137, 1; 227, 1; 269, 1; 509, 1; 521, 1; 577, 1; 761, 1; 863, 1; 919, 1; 1049, 1; 1117, 1; 2789, 1; 2917, 1; 7129, 1; 8431, 1; 10273, 1; 17783, 1; 39541, 1; 41233, 1; 215087, 1; 374893, 1; 467183, 1; 535919, 1; 583859, 1; 1138979, 1; 7440427, 1; 11167027, 1; 18858053, 1; 312408463, 1; 375035183, 1; 4990290163, 1; 34395742267, 1; 199539368321, 1; 2667653736673, 1]
34, [3, 1; 5, 2; 7, 2; 11, 2; 13, 2; 17, 2; 19, 2; 23, 2; 29, 2; 31, 2; 37, 1; 43, 2; 53, 1; 61, 1; 97, 1; 109, 1; 137, 1; 227, 1; 269, 1; 509, 1; 521, 1; 577, 1; 761, 1; 863, 1; 919, 1; 1049, 1; 1117, 1; 2789, 1; 2917, 1; 3583, 1; 7129, 1; 8431, 1; 10273, 1; 17783, 1; 39541, 1; 41233, 1; 215087, 1; 374893, 1; 467183, 1; 535919, 1; 583859, 1; 1138979, 1; 7440427, 1; 11167027, 1; 18858053, 1; 312408463, 1; 375035183, 1; 4990290163, 1; 15088528003, 1; 34395742267, 1; 199539368321, 1; 2667653736673, 1]
35, [3, 1; 5, 2; 7, 2; 11, 2; 13, 2; 17, 2; 19, 2; 23, 2; 29, 2; 31, 2; 37, 1; 43, 2; 53, 1; 61, 1; 97, 1; 109, 1; 137, 1; 227, 1; 269, 1; 397, 1; 509, 1; 521, 1; 577, 1; 761, 1; 863, 1; 919, 1; 1049, 1; 1117, 1; 2789, 1; 2917, 1; 3583, 1; 7129, 1; 8431, 1; 10273, 1; 17783, 1; 39541, 1; 41233, 1; 215087, 1; 374893, 1; 467183, 1; 535919, 1; 583859, 1; 1138979, 1; 7440427, 1; 11167027, 1; 18858053, 1; 312408463, 1; 375035183, 1; 4990290163, 1; 15088528003, 1; 34395742267, 1; 137121586897, 1; 199539368321, 1; 2667653736673, 1]
36, [3, 1; 5, 2; 7, 2; 11, 2; 13, 2; 17, 2; 19, 2; 23, 2; 29, 2; 31, 2; 37, 2; 43, 2; 53, 1; 61, 1; 97, 1; 109, 1; 137, 1; 227, 1; 269, 1; 397, 1; 509, 1; 521, 1; 577, 1; 761, 1; 863, 1; 919, 1; 1049, 1; 1117, 1; 1297, 1; 2789, 1; 2917, 1; 3407, 1; 3583, 1; 7129, 1; 8431, 1; 9059, 1; 10273, 1; 17783, 1; 39541, 1; 41233, 1; 215087, 1; 374893, 1; 467183, 1; 535919, 1; 583859, 1; 1138979, 1; 7440427, 1; 11167027, 1; 18858053, 1; 312408463, 1; 375035183, 1; 4990290163, 1; 15088528003, 1; 34395742267, 1; 137121586897, 1; 199539368321, 1; 2667653736673, 1]
37, [3, 1; 5, 2; 7, 2; 11, 2; 13, 2; 17, 2; 19, 2; 23, 2; 29, 2; 31, 2; 37, 2; 43, 2; 53, 1; 61, 1; 97, 1; 109, 1; 137, 1; 227, 1; 269, 1; 397, 1; 509, 1; 521, 1; 577, 1; 761, 1; 863, 1; 919, 1; 1049, 1; 1117, 1; 1297, 1; 2789, 1; 2917, 1; 3407, 1; 3583, 1; 7129, 1; 8431, 1; 9059, 1; 10273, 1; 17783, 1; 39541, 1; 41233, 1; 215087, 1; 374893, 1; 467183, 1; 535919, 1; 583859, 1; 1138979, 1; 7440427, 1; 10839223, 1; 11167027, 1; 18858053, 1; 188279071, 1; 312408463, 1; 375035183, 1; 4990290163, 1; 15088528003, 1; 34395742267, 1; 137121586897, 1; 199539368321, 1; 2667653736673, 1]
38, [3, 1; 5, 2; 7, 2; 11, 2; 13, 2; 17, 2; 19, 2; 23, 2; 29, 2; 31, 2; 37, 2; 43, 2; 53, 1; 61, 1; 97, 1; 109, 1; 137, 1; 199, 1; 227, 1; 269, 1; 397, 1; 509, 1; 521, 1; 577, 1; 761, 1; 863, 1; 919, 1; 1019, 1; 1049, 1; 1117, 1; 1297, 1; 1439, 1; 2789, 1; 2917, 1; 3407, 1; 3583, 1; 7129, 1; 8431, 1; 9059, 1; 10273, 1; 17783, 1; 39541, 1; 41233, 1; 215087, 1; 374893, 1; 467183, 1; 535919, 1; 583859, 1; 1138979, 1; 7037587, 1; 7440427, 1; 10839223, 1; 11167027, 1; 18858053, 1; 188279071, 1; 312408463, 1; 375035183, 1; 4990290163, 1; 15088528003, 1; 34395742267, 1; 137121586897, 1; 199539368321, 1; 2667653736673, 1]
39, [3, 1; 5, 2; 7, 2; 11, 2; 13, 2; 17, 2; 19, 2; 23, 2; 29, 2; 31, 2; 37, 2; 43, 2; 53, 1; 61, 1; 97, 1; 109, 1; 137, 1; 199, 1; 227, 1; 269, 1; 397, 1; 509, 1; 521, 1; 577, 1; 761, 1; 863, 1; 919, 1; 1019, 1; 1049, 1; 1117, 1; 1297, 1; 1439, 1; 2789, 1; 2917, 1; 3407, 1; 3583, 1; 7129, 1; 8431, 1; 9059, 1; 10273, 1; 17783, 1; 39541, 1; 41233, 1; 215087, 1; 374893, 1; 467183, 1; 535919, 1; 583859, 1; 737281, 1; 1138979, 1; 7037587, 1; 7440427, 1; 10839223, 1; 11167027, 1; 18858053, 1; 188279071, 1; 312408463, 1; 375035183, 1; 2802235993, 1; 4990290163, 1; 15088528003, 1; 34395742267, 1; 137121586897, 1; 199539368321, 1; 2667653736673, 1]
40, [3, 1; 5, 2; 7, 2; 11, 2; 13, 2; 17, 2; 19, 2; 23, 2; 29, 2; 31, 2; 37, 2; 41, 2; 43, 2; 53, 1; 61, 1; 97, 1; 109, 1; 137, 1; 199, 1; 227, 1; 269, 1; 397, 1; 509, 1; 521, 1; 577, 1; 761, 1; 863, 1; 919, 1; 1019, 1; 1049, 1; 1117, 1; 1297, 1; 1439, 1; 2789, 1; 2917, 1; 3407, 1; 3583, 1; 7129, 1; 8431, 1; 9059, 1; 10273, 1; 17783, 1; 39541, 1; 41233, 1; 114407, 1; 215087, 1; 374893, 1; 467183, 1; 535919, 1; 583859, 1; 737281, 1; 1138979, 1; 7037587, 1; 7440427, 1; 10805939, 1; 10839223, 1; 11167027, 1; 18858053, 1; 188279071, 1; 312408463, 1; 375035183, 1; 2802235993, 1; 4990290163, 1; 15088528003, 1; 34395742267, 1; 137121586897, 1; 199539368321, 1; 2667653736673, 1]
41, [3, 1; 5, 2; 7, 2; 11, 2; 13, 2; 17, 2; 19, 2; 23, 2; 29, 2; 31, 2; 37, 2; 41, 2; 43, 2; 53, 1; 61, 1; 97, 1; 109, 1; 137, 1; 199, 1; 227, 1; 269, 1; 397, 1; 509, 1; 521, 1; 577, 1; 761, 1; 863, 1; 919, 1; 1019, 1; 1049, 1; 1117, 1; 1297, 1; 1439, 1; 2789, 1; 2917, 1; 3407, 1; 3583, 1; 7129, 1; 8431, 1; 9059, 1; 10273, 1; 17783, 1; 39541, 1; 41233, 1; 114407, 1; 215087, 1; 374893, 1; 467183, 1; 535919, 1; 583859, 1; 737281, 1; 1138979, 1; 7037587, 1; 7440427, 1; 10805939, 1; 10839223, 1; 11167027, 1; 18858053, 1; 188279071, 1; 312408463, 1; 375035183, 1; 2802235993, 1; 4990290163, 1; 15088528003, 1; 34395742267, 1; 137121586897, 1; 199539368321, 1; 2667653736673, 1; 85691034670497533, 1]
42, [3, 1; 5, 2; 7, 2; 11, 2; 13, 2; 17, 2; 19, 2; 23, 2; 29, 2; 31, 2; 37, 2; 41, 2; 43, 2; 53, 1; 61, 1; 97, 1; 109, 1; 137, 1; 199, 1; 227, 1; 269, 1; 397, 1; 509, 1; 521, 1; 577, 1; 761, 1; 863, 1; 919, 1; 1019, 1; 1049, 1; 1117, 1; 1297, 1; 1439, 1; 2789, 1; 2917, 1; 3407, 1; 3583, 1; 7129, 1; 8431, 1; 9059, 1; 10273, 1; 17783, 1; 39541, 1; 41233, 1; 114407, 1; 215087, 1; 374893, 1; 467183, 1; 535919, 1; 583859, 1; 737281, 1; 1138979, 1; 7037587, 1; 7440427, 1; 10805939, 1; 10839223, 1; 11167027, 1; 18858053, 1; 188279071, 1; 312408463, 1; 375035183, 1; 2802235993, 1; 4990290163, 1; 15088528003, 1; 34395742267, 1; 137121586897, 1; 199539368321, 1; 951040175333, 1; 2667653736673, 1; 85691034670497533, 1]
43, [3, 1; 5, 2; 7, 2; 11, 2; 13, 2; 17, 2; 19, 2; 23, 2; 29, 2; 31, 2; 37, 2; 41, 2; 43, 2; 53, 1; 61, 1; 97, 1; 109, 1; 137, 1; 199, 1; 227, 1; 269, 1; 397, 1; 509, 1; 521, 1; 577, 1; 761, 1; 863, 1; 919, 1; 1019, 1; 1049, 1; 1117, 1; 1297, 1; 1439, 1; 2789, 1; 2917, 1; 3407, 1; 3583, 1; 7129, 1; 8431, 1; 9059, 1; 10273, 1; 17783, 1; 39541, 1; 41233, 1; 114407, 1; 140473, 1; 215087, 1; 374893, 1; 467183, 1; 535919, 1; 570553, 1; 583859, 1; 737281, 1; 1138979, 1; 6639593, 1; 7037587, 1; 7440427, 1; 10805939, 1; 10839223, 1; 11167027, 1; 18858053, 1; 188279071, 1; 312408463, 1; 375035183, 1; 2802235993, 1; 4990290163, 1; 15088528003, 1; 34395742267, 1; 137121586897, 1; 199539368321, 1; 951040175333, 1; 2667653736673, 1; 85691034670497533, 1]
44, [3, 1; 5, 2; 7, 2; 11, 2; 13, 2; 17, 2; 19, 2; 23, 2; 29, 2; 31, 2; 37, 2; 41, 2; 43, 2; 53, 1; 61, 1; 97, 1; 109, 1; 137, 1; 199, 1; 227, 1; 269, 1; 397, 1; 509, 1; 521, 1; 577, 1; 761, 1; 863, 1; 919, 1; 1019, 1; 1049, 1; 1117, 1; 1297, 1; 1439, 1; 2113, 1; 2789, 1; 2917, 1; 2953, 1; 3407, 1; 3583, 1; 7129, 1; 8431, 1; 9059, 1; 10273, 1; 17783, 1; 39541, 1; 41233, 1; 114407, 1; 140473, 1; 215087, 1; 374893, 1; 467183, 1; 535919, 1; 570553, 1; 583859, 1; 737281, 1; 1138979, 1; 6639593, 1; 7037587, 1; 7440427, 1; 10805939, 1; 10839223, 1; 11167027, 1; 18858053, 1; 188279071, 1; 312408463, 1; 375035183, 1; 2802235993, 1; 4990290163, 1; 8651605087, 1; 15088528003, 1; 34395742267, 1; 137121586897, 1; 199539368321, 1; 951040175333, 1; 2667653736673, 1; 85691034670497533, 1]
Goodbye!
